frquency(Hz), amp, phase_lag(degree)
19.53, 0.299, 0.00
29.30, 0.299, 3.00
48.83, 0.300, 6.00
78.12, 0.299, 9.00
97.66, 0.299, 12.00
117.19, 0.299, 15.00
156.25, 0.298, 18.00
195.31, 0.297, 21.00
234.38, 0.296, 24.00
253.91, 0.295, 27.00
312.50, 0.292, 30.00
351.56, 0.291, 33.00
390.62, 0.288, 36.00
468.75, 0.284, 39.00
546.88, 0.278, 42.00
585.94, 0.276, 45.00
644.53, 0.271, 48.00
742.19, 0.264, 51.00
859.38, 0.254, 54.00
976.56, 0.244, 57.00
1093.75, 0.234, 60.00
1250.00, 0.223, 63.00
1406.25, 0.210, 66.00
1445.31, 0.207, 69.00
1484.38, 0.205, 72.00
1523.44, 0.202, 75.00
1601.56, 0.196, 78.00
1640.62, 0.194, 81.00
1718.75, 0.189, 84.00
1757.81, 0.186, 87.00
1796.88, 0.184, 90.00
1835.94, 0.181, 93.00
1875.00, 0.179, 96.00
1953.12, 0.174, 99.00
1992.19, 0.172, 102.00
2031.25, 0.170, 105.00
2070.31, 0.168, 108.00
2109.38, 0.165, 111.00
2187.50, 0.160, 114.00
2265.62, 0.157, 117.00
2304.69, 0.154, 120.00
2382.81, 0.151, 123.00
2460.94, 0.148, 126.00
2500.00, 0.146, 129.00